0.115234375;0.1380813953488372;0.134765625;0.15915697674418605;5
0.138671875;0.13662790697674418;0.158203125;0.15770348837209303;30
0.162109375;0.13517441860465115;0.1826171875;0.1555232558139535;21
0.2109375;0.13299418604651161;0.23046875;0.15406976744186046;58
0.2353515625;0.13154069767441862;0.2548828125;0.15188953488372092;21
0.259765625;0.12936046511627908;0.279296875;0.1504360465116279;53
0.28515625;0.12790697674418605;0.3046875;0.14825581395348839;62
0.30859375;0.1257267441860465;0.328125;0.14680232558139536;13
0.33203125;0.12427325581395349;0.3515625;0.14462209302325582;17
0.357421875;0.12281976744186046;0.376953125;0.1438953488372093;30
0.408203125;0.11991279069767442;0.427734375;0.14098837209302326;17
0.4326171875;0.1184593023255814;0.453125;0.13953488372093023;17
0.484375;0.11627906976744186;0.5048828125;0.1380813953488372;3
0.5107421875;0.11555232558139535;0.53125;0.1373546511627907;17
0.5380859375;0.11482558139534883;0.55859375;0.13662790697674418;53
0.115234375;0.16715116279069767;0.134765625;0.1875;30
0.138671875;0.16569767441860464;0.158203125;0.18604651162790697;21
0.1611328125;0.16424418604651161;0.1806640625;0.18459302325581395;30
0.208984375;0.1613372093023256;0.228515625;0.1816860465116279;21
0.2333984375;0.15988372093023256;0.2529296875;0.18023255813953487;14
0.2587890625;0.15915697674418605;0.2783203125;0.18023255813953487;30
0.2822265625;0.15770348837209303;0.302734375;0.17877906976744187;1
0.3076171875;0.15625;0.3271484375;0.17732558139534885;29
0.3330078125;0.15479651162790697;0.3525390625;0.17587209302325582;17
0.357421875;0.15334302325581395;0.3779296875;0.1751453488372093;30
0.3828125;0.15261627906976744;0.40234375;0.17369186046511628;14
0.4091796875;0.1511627906976744;0.4287109375;0.17296511627906977;43
0.458984375;0.14898255813953487;0.4794921875;0.17151162790697674;3
0.484375;0.14825581395348839;0.505859375;0.17005813953488372;17
0.5107421875;0.14752906976744187;0.5322265625;0.1693313953488372;53
0.5625;0.14534883720930233;0.5830078125;0.16715116279069767;29
0.458984375;0.18023255813953487;0.4794921875;0.20203488372093023;60
0.484375;0.17950581395348839;0.505859375;0.20130813953488372;9
0.1123046875;0.22674418604651161;0.1318359375;0.24854651162790697;36
0.1337890625;0.22601744186046513;0.1533203125;0.24709302325581395;5
0.158203125;0.22529069767441862;0.177734375;0.24636627906976744;1
0.1787109375;0.22238372093023256;0.19921875;0.2441860465116279;5
0.2314453125;0.22093023255813954;0.251953125;0.24273255813953487;29
0.255859375;0.22020348837209303;0.275390625;0.24200581395348839;1
0.2802734375;0.21875;0.30078125;0.24055232558139536;13
0.330078125;0.21729651162790697;0.3505859375;0.23837209302325582;3
0.3564453125;0.21584302325581395;0.376953125;0.2376453488372093;46
0.3818359375;0.21511627906976744;0.4013671875;0.2369186046511628;30
0.4072265625;0.2136627906976744;0.427734375;0.23546511627906977;62
0.4326171875;0.2129360465116279;0.453125;0.23473837209302326;34
0.458984375;0.21148255813953487;0.4794921875;0.23328488372093023;36
0.5107421875;0.21002906976744187;0.5302734375;0.23255813953488372;14
0.537109375;0.20930232558139536;0.5576171875;0.2318313953488372;15
0.564453125;0.20930232558139536;0.583984375;0.2311046511627907;23
0.5908203125;0.20930232558139536;0.6103515625;0.2311046511627907;21
0.619140625;0.20857558139534885;0.638671875;0.2311046511627907;14
0.7001953125;0.23909883720930233;0.7216796875;0.26308139534883723;5
0.7255859375;0.23909883720930233;0.748046875;0.26308139534883723;29
0.75390625;0.23909883720930233;0.7763671875;0.2623546511627907;10
0.78125;0.23837209302325582;0.8037109375;0.2623546511627907;26
0.80859375;0.23837209302325582;0.830078125;0.2623546511627907;5
0.8349609375;0.23982558139534885;0.857421875;0.26308139534883723;10
0.86328125;0.24055232558139536;0.8857421875;0.26380813953488375;50
0.1103515625;0.2870639534883721;0.1298828125;0.30959302325581395;36
0.1328125;0.2863372093023256;0.15234375;0.3081395348837209;5
0.1552734375;0.2856104651162791;0.17578125;0.3074127906976744;1
0.1796875;0.28415697674418605;0.2001953125;0.3066860465116279;5
0.23046875;0.2819767441860465;0.25;0.30450581395348836;10
0.2548828125;0.2819767441860465;0.2744140625;0.30377906976744184;53
0.279296875;0.28125;0.298828125;0.30377906976744184;3
0.3037109375;0.279796511627907;0.32421875;0.3023255813953488;1
0.330078125;0.27906976744186046;0.349609375;0.3023255813953488;58
0.3544921875;0.27834302325581395;0.375;0.3008720930232558;10
0.380859375;0.27761627906976744;0.4013671875;0.3001453488372093;30
0.40625;0.2768895348837209;0.4267578125;0.29941860465116277;62
0.4326171875;0.2761627906976744;0.4521484375;0.29869186046511625;14
0.458984375;0.2754360465116279;0.478515625;0.29796511627906974;43
0.5107421875;0.2747093023255814;0.5322265625;0.29796511627906974;21
0.537109375;0.27398255813953487;0.55859375;0.29723837209302323;30
0.591796875;0.27325581395348836;0.61328125;0.29651162790697677;27
0.619140625;0.27325581395348836;0.640625;0.29651162790697677;23
0.6455078125;0.27325581395348836;0.66796875;0.29723837209302323;10
0.6728515625;0.27252906976744184;0.6953125;0.29651162790697677;49
0.701171875;0.27180232558139533;0.7236328125;0.29578488372093026;5
0.728515625;0.2710755813953488;0.75;0.29433139534883723;10
0.7548828125;0.2703488372093023;0.77734375;0.29433139534883723;34
0.1552734375;0.3168604651162791;0.1748046875;0.3386627906976744;10
0.2041015625;0.31468023255813954;0.2236328125;0.3372093023255814;14
0.228515625;0.313953488372093;0.248046875;0.33648255813953487;5
0.25390625;0.3132267441860465;0.2734375;0.33575581395348836;1
0.2783203125;0.3125;0.2978515625;0.33502906976744184;53
0.302734375;0.3117732558139535;0.3232421875;0.33502906976744184;1
0.3291015625;0.311046511627907;0.3486328125;0.33430232558139533;7
0.353515625;0.31031976744186046;0.3740234375;0.3335755813953488;10
0.40625;0.30886627906976744;0.42578125;0.3321220930232558;3
0.431640625;0.3081395348837209;0.451171875;0.3313953488372093;23
0.4580078125;0.3074127906976744;0.478515625;0.33066860465116277;1
0.484375;0.3066860465116279;0.505859375;0.32994186046511625;30
0.5107421875;0.3059593023255814;0.5322265625;0.32994186046511625;62
0.5361328125;0.3059593023255814;0.5576171875;0.32921511627906974;43
0.591796875;0.30523255813953487;0.61328125;0.32848837209302323;27
0.619140625;0.30450581395348836;0.640625;0.32848837209302323;23
0.646484375;0.30450581395348836;0.66796875;0.32776162790697677;10
0.673828125;0.30450581395348836;0.6953125;0.32776162790697677;13
0.7001953125;0.30523255813953487;0.7216796875;0.32848837209302323;13
0.728515625;0.3059593023255814;0.7490234375;0.32921511627906974;18
0.1552734375;0.34738372093023256;0.1748046875;0.3691860465116279;36
0.1796875;0.34665697674418605;0.19921875;0.3691860465116279;58
0.203125;0.34593023255813954;0.22265625;0.3684593023255814;21
0.2275390625;0.34593023255813954;0.2470703125;0.3684593023255814;30
0.2783203125;0.3444767441860465;0.2978515625;0.36700581395348836;31
0.302734375;0.3444767441860465;0.322265625;0.36627906976744184;30
0.328125;0.34375;0.34765625;0.36627906976744184;21
0.353515625;0.3430232558139535;0.373046875;0.36555232558139533;2
0.3798828125;0.342296511627907;0.3994140625;0.36555232558139533;5
0.4052734375;0.34156976744186046;0.42578125;0.3648255813953488;29
0.431640625;0.34084302325581395;0.4521484375;0.3633720930232558;10
0.45703125;0.34011627906976744;0.4775390625;0.3633720930232558;26
0.4833984375;0.34011627906976744;0.50390625;0.3626453488372093;5
0.5107421875;0.3393895348837209;0.53125;0.36191860465116277;10
0.537109375;0.3386627906976744;0.5576171875;0.36191860465116277;2
0.5634765625;0.3386627906976744;0.5849609375;0.36191860465116277;37
0.5908203125;0.3379360465116279;0.6123046875;0.36191860465116277;3
0.6181640625;0.3379360465116279;0.6396484375;0.36191860465116277;17
0.646484375;0.3379360465116279;0.66796875;0.36119186046511625;26
0.673828125;0.3379360465116279;0.6953125;0.36119186046511625;10
0.7001953125;0.3379360465116279;0.7216796875;0.36119186046511625;13
0.7275390625;0.3379360465116279;0.7490234375;0.36119186046511625;22
0.1064453125;0.3800872093023256;0.1259765625;0.4018895348837209;23
0.130859375;0.3793604651162791;0.150390625;0.4018895348837209;1
0.154296875;0.3793604651162791;0.1728515625;0.4011627906976744;14
0.1787109375;0.37863372093023256;0.1982421875;0.4004360465116279;30
0.203125;0.37790697674418605;0.22265625;0.4004360465116279;23
0.2275390625;0.37790697674418605;0.2470703125;0.3997093023255814;17
0.251953125;0.37718023255813954;0.271484375;0.39898255813953487;15
0.27734375;0.376453488372093;0.296875;0.39898255813953487;1
0.302734375;0.376453488372093;0.322265625;0.39825581395348836;29
0.3271484375;0.375;0.34765625;0.39825581395348836;29
0.353515625;0.375;0.3740234375;0.39825581395348836;46
0.37890625;0.3742732558139535;0.3994140625;0.39752906976744184;47
0.431640625;0.373546511627907;0.4521484375;0.3960755813953488;53
0.45703125;0.37281976744186046;0.4775390625;0.3960755813953488;1
0.4833984375;0.37209302325581395;0.50390625;0.3953488372093023;25
0.5107421875;0.37209302325581395;0.53125;0.3953488372093023;1
0.537109375;0.37136627906976744;0.5576171875;0.3946220930232558;31
0.564453125;0.37136627906976744;0.5849609375;0.3946220930232558;29
0.591796875;0.37136627906976744;0.6123046875;0.3953488372093023;10
0.6181640625;0.37136627906976744;0.6396484375;0.3946220930232558;5
0.6455078125;0.37136627906976744;0.6669921875;0.3946220930232558;2
0.1064453125;0.4106104651162791;0.1259765625;0.4331395348837209;58
0.12890625;0.4106104651162791;0.1494140625;0.4331395348837209;21
0.15234375;0.40988372093023256;0.1728515625;0.4324127906976744;23
0.177734375;0.40988372093023256;0.197265625;0.4316860465116279;31
0.2021484375;0.40988372093023256;0.2216796875;0.4316860465116279;37
0.2265625;0.40915697674418605;0.24609375;0.4316860465116279;29
0.2763671875;0.40915697674418605;0.2958984375;0.4309593023255814;10
0.326171875;0.40843023255813954;0.3466796875;0.43023255813953487;29
0.3525390625;0.4069767441860465;0.373046875;0.43023255813953487;17
0.37890625;0.4069767441860465;0.3984375;0.42950581395348836;37
0.404296875;0.4069767441860465;0.4248046875;0.42950581395348836;25
0.4306640625;0.4069767441860465;0.4501953125;0.42950581395348836;1
0.4560546875;0.4055232558139535;0.4765625;0.42877906976744184;31
0.4833984375;0.404796511627907;0.50390625;0.42805232558139533;29
0.509765625;0.404796511627907;0.5302734375;0.42805232558139533;10
0.5361328125;0.404796511627907;0.556640625;0.42805232558139533;5
0.5634765625;0.40406976744186046;0.583984375;0.4273255813953488;2
0.1044921875;0.4425872093023256;0.1240234375;0.46511627906976744;15
0.1279296875;0.4418604651162791;0.1474609375;0.4643895348837209;23
0.1513671875;0.4418604651162791;0.1708984375;0.4643895348837209;21
0.17578125;0.44113372093023256;0.1953125;0.4643895348837209;49
0.19921875;0.44113372093023256;0.2197265625;0.4643895348837209;1
0.2255859375;0.44113372093023256;0.24609375;0.4636627906976744;13
0.2509765625;0.44040697674418605;0.2705078125;0.4636627906976744;5
0.275390625;0.44040697674418605;0.2958984375;0.4636627906976744;1
0.30078125;0.43968023255813954;0.3212890625;0.4629360465116279;7
0.3515625;0.43968023255813954;0.373046875;0.4622093023255814;10
0.3779296875;0.438953488372093;0.3984375;0.4622093023255814;13
0.4296875;0.4382267441860465;0.4501953125;0.46148255813953487;58
0.4833984375;0.4382267441860465;0.50390625;0.46148255813953487;21
0.509765625;0.4382267441860465;0.5302734375;0.46148255813953487;30
0.537109375;0.4375;0.5576171875;0.46075581395348836;58
0.5634765625;0.4375;0.5849609375;0.46075581395348836;17
0.5908203125;0.4375;0.6123046875;0.46075581395348836;30
0.6181640625;0.4375;0.638671875;0.46075581395348836;18
0.1044921875;0.4738372093023256;0.1240234375;0.49636627906976744;36
0.1279296875;0.4738372093023256;0.1474609375;0.49636627906976744;25
0.1513671875;0.4738372093023256;0.1708984375;0.4956395348837209;17
0.17578125;0.4738372093023256;0.1953125;0.4956395348837209;58
0.2001953125;0.4738372093023256;0.2197265625;0.4956395348837209;31
0.224609375;0.4731104651162791;0.244140625;0.4949127906976744;21
0.25;0.4731104651162791;0.26953125;0.4956395348837209;29
0.275390625;0.47238372093023256;0.294921875;0.4956395348837209;5
0.30078125;0.47238372093023256;0.3212890625;0.4949127906976744;10
0.3515625;0.47165697674418605;0.3720703125;0.4949127906976744;10
0.4033203125;0.47165697674418605;0.4228515625;0.4949127906976744;13
0.4296875;0.47165697674418605;0.4501953125;0.4941860465116279;1
0.4560546875;0.47165697674418605;0.4765625;0.4941860465116279;7
0.482421875;0.47165697674418605;0.5029296875;0.4941860465116279;62
0.509765625;0.47093023255813954;0.5302734375;0.4941860465116279;31
0.5361328125;0.47165697674418605;0.556640625;0.4941860465116279;10
0.5634765625;0.47093023255813954;0.5849609375;0.4941860465116279;49
0.5908203125;0.47093023255813954;0.611328125;0.4941860465116279;5
0.6181640625;0.47093023255813954;0.6396484375;0.4949127906976744;10
0.103515625;0.5050872093023255;0.123046875;0.5276162790697675;58
0.126953125;0.5050872093023255;0.1455078125;0.5276162790697675;17
0.150390625;0.5058139534883721;0.169921875;0.528343023255814;53
0.1748046875;0.5058139534883721;0.1943359375;0.528343023255814;25
0.19921875;0.5058139534883721;0.2177734375;0.528343023255814;17
0.2490234375;0.5050872093023255;0.2685546875;0.5276162790697675;5
0.2734375;0.5050872093023255;0.2939453125;0.5276162790697675;1
0.2998046875;0.5050872093023255;0.3193359375;0.5276162790697675;7
0.3251953125;0.5043604651162791;0.3447265625;0.5276162790697675;17
0.3505859375;0.5043604651162791;0.37109375;0.5276162790697675;31
0.3759765625;0.5043604651162791;0.396484375;0.5276162790697675;1
0.40234375;0.5043604651162791;0.4228515625;0.5276162790697675;30
0.455078125;0.5043604651162791;0.4755859375;0.5276162790697675;5
0.4814453125;0.5043604651162791;0.501953125;0.5276162790697675;29
0.509765625;0.5043604651162791;0.529296875;0.5276162790697675;10
0.5361328125;0.5043604651162791;0.556640625;0.5276162790697675;26
0.5634765625;0.5043604651162791;0.583984375;0.5276162790697675;5
0.5908203125;0.5043604651162791;0.611328125;0.5276162790697675;10
0.6181640625;0.5043604651162791;0.638671875;0.528343023255814;50
0.1025390625;0.5370639534883721;0.1220703125;0.559593023255814;5
0.1259765625;0.5370639534883721;0.1455078125;0.559593023255814;37
0.1494140625;0.5370639534883721;0.1689453125;0.559593023255814;25
0.173828125;0.5370639534883721;0.193359375;0.5603197674418605;1
0.2236328125;0.5377906976744186;0.2431640625;0.5603197674418605;3
0.248046875;0.5377906976744186;0.2685546875;0.5603197674418605;17
0.2724609375;0.5377906976744186;0.2939453125;0.5603197674418605;26
0.2978515625;0.5377906976744186;0.318359375;0.561046511627907;1
0.32421875;0.5377906976744186;0.3447265625;0.561046511627907;30
0.349609375;0.5377906976744186;0.3701171875;0.561046511627907;62
0.40234375;0.5377906976744186;0.4228515625;0.561046511627907;21
0.4287109375;0.5377906976744186;0.44921875;0.561046511627907;30
0.4814453125;0.5377906976744186;0.501953125;0.561046511627907;27
0.5087890625;0.5377906976744186;0.5302734375;0.5617732558139535;23
0.53515625;0.5377906976744186;0.556640625;0.561046511627907;10
0.5634765625;0.5377906976744186;0.583984375;0.5617732558139535;49
0.5908203125;0.5385174418604651;0.611328125;0.5617732558139535;5
0.6181640625;0.5385174418604651;0.6396484375;0.5617732558139535;10
0.646484375;0.5385174418604651;0.66796875;0.5617732558139535;34
0.1015625;0.5683139534883721;0.12109375;0.590843023255814;29
0.1240234375;0.5683139534883721;0.14453125;0.5915697674418605;10
0.1484375;0.5690406976744186;0.16796875;0.592296511627907;27
0.1728515625;0.5697674418604651;0.1923828125;0.592296511627907;25
0.197265625;0.5690406976744186;0.2177734375;0.592296511627907;17
0.2470703125;0.5697674418604651;0.267578125;0.5930232558139535;14
0.271484375;0.5697674418604651;0.2919921875;0.5930232558139535;15
0.296875;0.5704941860465116;0.3173828125;0.5930232558139535;1
0.3232421875;0.5704941860465116;0.3427734375;0.59375;14
0.3486328125;0.5704941860465116;0.369140625;0.59375;17
0.375;0.5704941860465116;0.3955078125;0.5944767441860465;29
0.4013671875;0.5712209302325582;0.421875;0.5944767441860465;62
0.427734375;0.5712209302325582;0.4482421875;0.5944767441860465;43
0.4814453125;0.5719476744186046;0.5029296875;0.595203488372093;29
0.5087890625;0.5719476744186046;0.529296875;0.595203488372093;17
0.5361328125;0.5719476744186046;0.556640625;0.595203488372093;30
0.5634765625;0.5719476744186046;0.583984375;0.5959302325581395;22
0.1474609375;0.6010174418604651;0.1669921875;0.6242732558139535;36
0.171875;0.6010174418604651;0.1923828125;0.625;37
0.1962890625;0.6017441860465116;0.2158203125;0.625;13
0.220703125;0.6024709302325582;0.2412109375;0.6257267441860465;21
0.24609375;0.6024709302325582;0.2666015625;0.626453488372093;7
0.271484375;0.6031976744186046;0.2919921875;0.626453488372093;5
0.296875;0.6031976744186046;0.3173828125;0.6271802325581395;29
0.322265625;0.6031976744186046;0.3427734375;0.6271802325581395;10
0.34765625;0.6039244186046512;0.3681640625;0.627906976744186;2
0.3740234375;0.6039244186046512;0.39453125;0.627906976744186;14
0.400390625;0.6039244186046512;0.4208984375;0.6286337209302325;30
0.4267578125;0.6046511627906976;0.447265625;0.6286337209302325;1
0.4541015625;0.6046511627906976;0.4755859375;0.6293604651162791;23
0.4814453125;0.6053779069767442;0.5029296875;0.6293604651162791;46
0.5078125;0.6053779069767442;0.529296875;0.6300872093023255;47
0.5634765625;0.6061046511627907;0.5849609375;0.6300872093023255;13
0.5908203125;0.6061046511627907;0.6123046875;0.6308139534883721;10
0.6181640625;0.6061046511627907;0.640625;0.6308139534883721;29
0.6474609375;0.6068313953488372;0.6689453125;0.6308139534883721;37
0.6748046875;0.6068313953488372;0.697265625;0.6315406976744186;14
0.703125;0.6075581395348837;0.7255859375;0.6315406976744186;2
0.73046875;0.6068313953488372;0.7529296875;0.6322674418604651;36
0.146484375;0.6329941860465116;0.1669921875;0.65625;14
0.1708984375;0.6337209302325582;0.1904296875;0.6569767441860465;5
0.1953125;0.6344476744186046;0.2158203125;0.657703488372093;1
0.220703125;0.6351744186046512;0.240234375;0.6584302325581395;53
0.2451171875;0.6359011627906976;0.265625;0.659156976744186;1
0.26953125;0.6359011627906976;0.2900390625;0.6598837209302325;7
0.2958984375;0.6366279069767442;0.31640625;0.6606104651162791;10
0.34765625;0.6380813953488372;0.3681640625;0.6613372093023255;3
0.373046875;0.6380813953488372;0.39453125;0.6620639534883721;23
0.3994140625;0.6380813953488372;0.4208984375;0.6627906976744186;1
0.4267578125;0.6388081395348837;0.4482421875;0.6627906976744186;30
0.453125;0.6388081395348837;0.4755859375;0.6635174418604651;62
0.48046875;0.6395348837209303;0.501953125;0.6635174418604651;43
0.5361328125;0.6402616279069767;0.5576171875;0.6649709302325582;27
0.5634765625;0.6409883720930233;0.5849609375;0.6649709302325582;23
0.591796875;0.6409883720930233;0.61328125;0.6656976744186046;10
0.619140625;0.6409883720930233;0.640625;0.6656976744186046;13
0.6474609375;0.6417151162790697;0.6689453125;0.6656976744186046;13
0.6748046875;0.6417151162790697;0.6962890625;0.6656976744186046;2
0.146484375;0.6656976744186046;0.1669921875;0.688953488372093;36
0.169921875;0.6656976744186046;0.1904296875;0.6896802325581395;10
0.2197265625;0.6678779069767442;0.240234375;0.6918604651162791;3
0.2431640625;0.6686046511627907;0.263671875;0.6925872093023255;21
0.26953125;0.6693313953488372;0.2900390625;0.6933139534883721;7
0.294921875;0.6700581395348837;0.3154296875;0.6940406976744186;62
0.3212890625;0.6707848837209303;0.341796875;0.6947674418604651;49
0.3466796875;0.6715116279069767;0.3671875;0.6954941860465116;17
0.3994140625;0.6722383720930233;0.4208984375;0.6969476744186046;29
0.42578125;0.6729651162790697;0.4482421875;0.6976744186046512;17
0.48046875;0.6736918604651163;0.501953125;0.6984011627906976;14
0.5078125;0.6744186046511628;0.5302734375;0.6991279069767442;17
0.5361328125;0.6751453488372093;0.5576171875;0.6998546511627907;23
0.5634765625;0.6751453488372093;0.5849609375;0.6998546511627907;25
0.591796875;0.6758720930232558;0.61328125;0.7005813953488372;10
0.6474609375;0.6765988372093024;0.669921875;0.7013081395348837;29
0.67578125;0.6765988372093024;0.6982421875;0.7013081395348837;1
0.7041015625;0.6773255813953488;0.7265625;0.7020348837209303;14
0.1455078125;0.6991279069767442;0.166015625;0.721656976744186;3
0.169921875;0.6998546511627907;0.189453125;0.7231104651162791;23
0.1943359375;0.7005813953488372;0.2138671875;0.7238372093023255;51
0.21875;0.7020348837209303;0.2392578125;0.7245639534883721;53
0.244140625;0.7027616279069767;0.263671875;0.7260174418604651;26
0.267578125;0.7027616279069767;0.2890625;0.7267441860465116;1
0.2939453125;0.7034883720930233;0.314453125;0.7274709302325582;29
0.3193359375;0.7042151162790697;0.3408203125;0.7281976744186046;10
0.345703125;0.7049418604651163;0.3671875;0.7289244186046512;17
0.3720703125;0.7056686046511628;0.3935546875;0.7303779069767442;13
0.42578125;0.7071220930232558;0.447265625;0.7318313953488372;14
0.453125;0.7078488372093024;0.474609375;0.7325581395348837;58
0.48046875;0.7093023255813954;0.501953125;0.7332848837209303;21
0.5078125;0.7100290697674418;0.529296875;0.7340116279069767;10
0.53515625;0.7107558139534884;0.556640625;0.7354651162790697;13
0.5625;0.7107558139534884;0.583984375;0.7354651162790697;22
0.09765625;0.7289244186046512;0.1181640625;0.751453488372093;3
0.12109375;0.7296511627906976;0.1416015625;0.752906976744186;17
0.14453125;0.7311046511627907;0.1650390625;0.7543604651162791;26
0.16796875;0.7318313953488372;0.189453125;0.7558139534883721;10
0.1923828125;0.7332848837209303;0.2138671875;0.7565406976744186;13
0.2421875;0.7354651162790697;0.263671875;0.7587209302325582;58
0.29296875;0.7376453488372093;0.314453125;0.7609011627906976;3
0.318359375;0.7383720930232558;0.33984375;0.7623546511627907;10
0.3447265625;0.7390988372093024;0.3671875;0.7638081395348837;3
0.37109375;0.7398255813953488;0.3935546875;0.7645348837209303;7
0.3974609375;0.7405523255813954;0.419921875;0.7659883720930233;10
0.4248046875;0.7420058139534884;0.4462890625;0.7667151162790697;21
0.4521484375;0.7427325581395349;0.474609375;0.7674418604651163;30
0.4794921875;0.7434593023255814;0.5009765625;0.7688953488372093;17
0.5078125;0.7449127906976745;0.529296875;0.7696220930232558;5
0.53515625;0.7456395348837209;0.5576171875;0.7703488372093024;37
0.5625;0.7463662790697675;0.5849609375;0.7710755813953488;2
0.0966796875;0.7609011627906976;0.1171875;0.784156976744186;58
0.14453125;0.7638081395348837;0.1650390625;0.7870639534883721;14
0.16796875;0.7652616279069767;0.189453125;0.7892441860465116;58
0.1923828125;0.7667151162790697;0.212890625;0.7906976744186046;21
0.216796875;0.7674418604651163;0.2373046875;0.7914244186046512;3
0.2412109375;0.7688953488372093;0.2626953125;0.7928779069767442;21
0.267578125;0.7703488372093024;0.2880859375;0.7943313953488372;25
0.29296875;0.7710755813953488;0.3134765625;0.7957848837209303;29
0.318359375;0.7725290697674418;0.33984375;0.7965116279069767;46
0.3447265625;0.7732558139534884;0.365234375;0.7979651162790697;47
0.3974609375;0.7754360465116279;0.4189453125;0.8001453488372093;29
0.423828125;0.7761627906976745;0.4462890625;0.8015988372093024;1
0.451171875;0.7768895348837209;0.4736328125;0.8023255813953488;49
0.5068359375;0.7790697674418605;0.529296875;0.8045058139534884;15
0.53515625;0.7805232558139535;0.5576171875;0.8052325581395349;23
0.5625;0.78125;0.5849609375;0.8059593023255814;10
0.591796875;0.7819767441860465;0.6142578125;0.8066860465116279;51
0.619140625;0.7819767441860465;0.642578125;0.8074127906976745;30
0.6474609375;0.782703488372093;0.6708984375;0.8081395348837209;2
0.677734375;0.7834302325581395;0.7001953125;0.8088662790697675;36
0.095703125;0.7943313953488372;0.1162109375;0.8175872093023255;30
0.119140625;0.7957848837209303;0.1396484375;0.8190406976744186;1
0.1435546875;0.7965116279069767;0.1640625;0.8197674418604651;13
0.1923828125;0.7994186046511628;0.2119140625;0.8226744186046512;5
0.2158203125;0.8001453488372093;0.236328125;0.8234011627906976;29
0.2412109375;0.8023255813953488;0.2626953125;0.8263081395348837;10
0.2666015625;0.8037790697674418;0.2880859375;0.8277616279069767;26
0.2919921875;0.8052325581395349;0.3134765625;0.8292151162790697;5
0.318359375;0.8066860465116279;0.33984375;0.8306686046511628;10
0.37109375;0.809593023255814;0.392578125;0.8335755813953488;31
0.396484375;0.8103197674418605;0.4189453125;0.8357558139534884;17
0.423828125;0.811046511627907;0.4462890625;0.8364825581395349;7
0.451171875;0.8125;0.4736328125;0.8372093023255814;21
0.4794921875;0.8132267441860465;0.501953125;0.8386627906976745;58
0.5068359375;0.813953488372093;0.529296875;0.8393895348837209;17
0.5341796875;0.815406976744186;0.5576171875;0.840843023255814;5
0.5625;0.8161337209302325;0.5849609375;0.8415697674418605;37
0.095703125;0.8255813953488372;0.1162109375;0.8495639534883721;58
0.142578125;0.8292151162790697;0.1630859375;0.8524709302325582;21
0.1669921875;0.8306686046511628;0.1875;0.8546511627906976;3
0.1904296875;0.8328488372093024;0.2109375;0.8561046511627907;10
0.2158203125;0.8343023255813954;0.236328125;0.8582848837209303;25
0.2412109375;0.8357558139534884;0.2626953125;0.8597383720930233;37
0.291015625;0.8393895348837209;0.3134765625;0.8633720930232558;29
0.3173828125;0.840843023255814;0.3388671875;0.8648255813953488;17
0.3701171875;0.8430232558139535;0.392578125;0.8684593023255814;25
0.396484375;0.8444767441860465;0.419921875;0.8699127906976745;1
0.423828125;0.8459302325581395;0.447265625;0.8713662790697675;51
0.451171875;0.8473837209302325;0.4736328125;0.8728197674418605;30
0.478515625;0.8488372093023255;0.501953125;0.8742732558139535;22
0.142578125;0.8626453488372093;0.1630859375;0.8859011627906976;36
0.166015625;0.8640988372093024;0.1865234375;0.8873546511627907;29
0.1904296875;0.8655523255813954;0.2119140625;0.8895348837209303;17
0.2158203125;0.8677325581395349;0.236328125;0.8917151162790697;30
0.240234375;0.8699127906976745;0.2607421875;0.8931686046511628;2
0.265625;0.8713662790697675;0.287109375;0.8953488372093024;36
0.3173828125;0.8742732558139535;0.33984375;0.8997093023255814;14
0.341796875;0.8757267441860465;0.3642578125;0.9011627906976745;5
0.369140625;0.877906976744186;0.3916015625;0.9026162790697675;1
0.3955078125;0.8793604651162791;0.4189453125;0.9040697674418605;53
0.4228515625;0.8808139534883721;0.4453125;0.9055232558139535;1
0.4482421875;0.8822674418604651;0.4716796875;0.907703488372093;7
0.4765625;0.8837209302325582;0.4990234375;0.909156976744186;1
0.5341796875;0.8866279069767442;0.5576171875;0.9120639534883721;38
0.5625;0.8880813953488372;0.5849609375;0.9135174418604651;19
0.58984375;0.8895348837209303;0.61328125;0.9142441860465116;10
0.6181640625;0.8895348837209303;0.642578125;0.9149709302325582;26
0.6474609375;0.8902616279069767;0.6708984375;0.9156976744186046;10
0.67578125;0.8909883720930233;0.7001953125;0.9164244186046512;29
0.703125;0.8917151162790697;0.7275390625;0.9178779069767442;1
0.1416015625;0.8946220930232558;0.1630859375;0.9178779069767442;25
0.1650390625;0.8968023255813954;0.1865234375;0.9200581395348837;43
0.189453125;0.8989825581395349;0.2109375;0.9222383720930233;25
0.2138671875;0.9011627906976745;0.2353515625;0.9244186046511628;10
0.263671875;0.9055232558139535;0.28515625;0.9287790697674418;30
0.2900390625;0.907703488372093;0.3115234375;0.9309593023255814;21
0.31640625;0.9098837209302325;0.337890625;0.9331395348837209;13
0.341796875;0.9106104651162791;0.3642578125;0.9353197674418605;1
0.369140625;0.9120639534883721;0.3916015625;0.9367732558139535;52
0.3955078125;0.9142441860465116;0.41796875;0.938953488372093;2
0.5927734375;0.11482558139534883;0.6123046875;0.13662790697674418;14
0.6181640625;0.11337209302325581;0.6376953125;0.13517441860465115;15
0.6455078125;0.11264534883720931;0.6650390625;0.13372093023255813;23
0.671875;0.1119186046511628;0.69140625;0.13372093023255813;21
0.69921875;0.1119186046511628;0.71875;0.13372093023255813;14
0.7265625;0.1119186046511628;0.74609375;0.13372093023255813;37
0.7529296875;0.1119186046511628;0.7734375;0.13299418604651161;2
0.5908203125;0.14607558139534885;0.611328125;0.16787790697674418;21
0.6181640625;0.14607558139534885;0.638671875;0.16787790697674418;14
0.6455078125;0.14607558139534885;0.666015625;0.16787790697674418;37
0.671875;0.1438953488372093;0.6923828125;0.16569767441860464;22
0.69921875;0.14462209302325582;0.7197265625;0.16642441860465115;52
0.646484375;0.20784883720930233;0.666015625;0.2311046511627907;10
0.671875;0.20857558139534885;0.6923828125;0.2311046511627907;7
0.7001953125;0.20712209302325582;0.720703125;0.23037790697674418;10
